1 0 0 0
2 -200 -200 0
3 -100 -200 0
4 0 -200 0
5 100 -200 0
6 200 -200 0
7 -200 -100 0
8 -100 -100 0
9 0 -100 0
10 100 -100 0
11 200 -100 0
12 -200 0 0
13 -100 0 0
14 100 0 0
15 200 0 0
16 -200 100 0
17 -100 100 0
18 0 100 0
19 100 100 0
20 200 100 0
21 -200 200 0
22 -100 200 0
23 0 200 0
24 100 200 0
25 200 200 0
26 -700 -700 0
27 -600 -700 0
28 -500 -700 0
29 -400 -700 0
30 -300 -700 0
31 -700 -600 0
32 -600 -600 0
33 -500 -600 0
34 -400 -600 0
35 -300 -600 0
36 -700 -500 0
37 -600 -500 0
38 -500 -500 0
39 -400 -500 0
40 -300 -500 0
41 -700 -400 0
42 -600 -400 0
43 -500 -400 0
44 -400 -400 0
45 -300 -400 0
46 -700 -300 0
47 -600 -300 0
48 -500 -300 0 
49 -400 -300 0 
50 -300 -300 0 
51 -200 -700 0 
52 -100 -700 0 
53 0 -700 0 
54 100 -700 0 
55 200 -700 0 
56 -200 -600 0
57 -100 -600 0
58 0 -600 0
59 100 -600 0
60 200 -600 0
61 -200 -500 0
62 -100 -500 0
63 0 -500 0
64 100 -500 0
65 200 -500 0
66 -200 -400 0
67 -100 -400 0
68 0 -400 0
69 100 -400 0
70 200 -400 0
71 -200 -300 0
72 -100 -300 0
73 0 -300 0
74 100 -300 0
75 200 -300 0
76 300 -700 0
77 400 -700 0
78 500 -700 0
79 600 -700 0
80 700 -700 0
81 300 -600 0
82 400 -600 0
83 500 -600 0
84 600 -600 0
85 700 -600 0
86 300 -500 0
87 400 -500 0
88 500 -500 0
89 600 -500 0
90 700 -500 0
91 300 -400 0
92 400 -400 0
93 500 -400 0
94 600 -400 0
95 700 -400 0
96 300 -300 0
97 400 -300 0
98 500 -300 0
99 600 -300 0
100 700 -300 0
101 -700 -200 0
102 -600 -200 0
103 -500 -200 0
104 -400 -200 0
105 -300 -200 0
106 -700 -100 0
107 -600 -100 0
108 -500 -100 0
109 -400 -100 0
110 -300 -100 0
111 -700 0 0
112 -600 0 0
113 -500 0 0
114 -400 0 0
115 -300 0 0
116 -700 100 0
117 -600 100 0
118 -500 100 0
119 -400 100 0
120 -300 100 0
121 -700 200 0
122 -600 200 0
123 -500 200 0
124 -400 200 0
125 -300 200 0
126 300 -200 0
127 400 -200 0
128 500 -200 0
129 600 -200 0
130 700 -200 0
131 300 -100 0
132 400 -100 0
133 500 -100 0
134 600 -100 0
135 700 -100 0
136 300 0 0
137 400 0 0
138 500 0 0
139 600 0 0
140 700 0 0
141 300 100 0
142 400 100 0
143 500 100 0
144 600 100 0
145 700 100 0
146 300 200 0
147 400 200 0
148 500 200 0
149 600 200 0
150 700 200 0
151 -700 300 0
152 -600 300 0
153 -500 300 0
154 -400 300 0
155 -300 300 0
156 -700 400 0
157 -600 400 0
158 -500 400 0
159 -400 400 0
160 -300 400 0
161 -700 500 0
162 -600 500 0
163 -500 500 0
164 -400 500 0
165 -300 500 0
166 -700 600 0
167 -600 600 0
168 -500 600 0
169 -400 600 0
170 -300 600 0
171 -700 700 0
172 -600 700 0
173 -500 700 0
174 -400 700 0
175 -300 700 0
176 -200 300 0
177 -100 300 0
178 000 300 0
179 100 300 0
180 200 300 0
181 -200 400 0
182 -100 400 0
183 000 400 0
184 100 400 0
185 200 400 0
186 -200 500 0
187 -100 500 0
188 000 500 0
189 100 500 0
190 200 500 0
191 -200 600 0
192 -100 600 0
193 000 600 0
194 100 600 0
195 200 600 0
196 -200 700 0
197 -100 700 0
198 000 700 0
199 100 700 0
200 200 700 0
201 300 300 0
202 400 300 0
203 500 300 0
204 600 300 0
205 700 300 0
206 300 400 0
207 400 400 0
208 500 400 0
209 600 400 0
210 700 400 0
211 300 500 0
212 400 500 0
213 500 500 0
214 600 500 0
215 700 500 0
216 300 600 0
217 400 600 0
218 500 600 0
219 600 600 0
220 700 600 0
221 300 700 0
222 400 700 0
223 500 700 0
224 600 700 0
225 700 700 0
